10004:
2198877
1936582
10080:
241712
1708857
599223
2201083
2167513
119440
10899:
655195
1583934
216797
797777
2005305
385077
1510455
1703248
1331758
1622992
1931529
644790
808644
2135466
1334838
1327365
1537379
313640
2053278
2527675
1091144
2417306
1858842
35146
1544352
10906:
495810
2611921
433333
1958096
1100945
1202406
1901511
338400
864196
2213672
661511
2267219
2587024
1872105
897129
2640853
2430758
1283117
1136881
1170942
334632
1182360
1276205
1514276
1053822
2127201
185810
838656
10947:
1741763
1128964
1930724
2228844
2177116
398667
2172052
235682
953791
1698472
171941
863118
299446
2628176
2357677
925307
1408291
176327
1343170
275148
757244
1118788
225239
679389
1820712
353077
83500
1941042
242523
2359794
2216818
1013302
6007:
905393
