14853:
2409694
1542793
9074:
1341330
1529918
869277
1574865
111187
1344093
1053735
424547
757556
1866700
339241
1441712
1643995
2188558
787486
2370009
911110
2338663
2447746
2225053
809139
1576953
2289507
1838204
2427888
1934860
1526603
968918
737838
1152642
2115689
1434716
1917437
113926
1918682
971908
2613600
389662
516431
1218779
2524480
1710369
1734139
523583
16078:
2010119
1051532
1597581
1828768
1151173
1270609
7817:
1173858
2344088
1058020
357354
2056661
575994
819192
1549921
1850137
601872
342198
1377854
1450449
2028902
454198
2498216
287020
2522972
2563395
1413792
1262137
1407197
2230042
2006413
11824:
1510598
990552
2429349
2031198
439451
2458532
1822617
264618
2609461
1049277
1351522
2218900
559470
219118
359260
11823:
1389576
14670:
62399
1608110
2347427
541573
974684
2228826
205586
1084814
1246536
1805679
1519860
914573
2362809
650764
503878
1218743
2059902
1097440
1977183
1819573
1456567
1243489
1159374
2230667
904195
1381691
1275826
1750224
59901
1323253
2326664
1248594
420626
2492416
1940294
1957098
619912
2098001
860375
964632
2254059
1388072
1953047
239244
2633363
1419000
2462235
1037340
537424
1096402
112189
1598767
1656349
1551361
480276
1475917
1352031
2572456
1165897
2510839
1197760
1718063
1910626
127300
1446905
540588
48506
1957669
2465266
1744450
998633
291914
1608540
697745
2412337
1931349
548841
2061152
2003833
1295351
2125527
2226294
268487
2179594
835731
2113300
2504446
2503236
1951856
2617870
1888399
1215318
1210147
2017156
503044
239724
613560
2033364
1129887
623425
2485743
1018196
1463326
99781
2423287
443508
1107212
28655
1094127
2363:
1688422
1115300
1750908
10451:
422507
2479672
800538
1016015
1955912
2023056
1102550
1547659
1717751
1453245
2041712
627809
37742
2028757
2134134
2631018
482889
865314
440193
2370543
780937
2025931
1521664
267369
1269518
2598260
1954022
412603
1346514
1792803
191695
2158470
60469
58763
438295
314042
1846938
1269579
805156
1122292
1045825
208467
2549926
1789414
114488
416587
740540
1738490
2268601
2126471
1840707
1130075
2122605
2388321
339652
365539
1494409
933312
1901623
1063453
845567
1130001
939610
2593256
1535636
1997330
1806863
1028134
49941
265878
2507460
2416946
822500
755976
1368434
2152951
2183847
320168
385053
2031247
663159
1230381
1627904
2384842
1772301
1955299
1819279
1217661
1586668
2607526
2039738
1766721
739108
86240
1867832
2400442
2334180
2206762
1985622
1042540
1485331
2609265
1924552
2403917
405215
854984
522612
817384
1930133
1487808
1297357
638930
2165481
2378414
1906813
114282
125102
1660277
2107152
1009005
2022693
2444486
2229130
686860
1028181
505344
413237
905560
1273960
23180
1963861
1386359
1104035
105997
1493142
2086831
1800290
619131
2428131
2054970
2369228
874433
1613932
2008932
1138331
1818031
774210
1222180
1461887
1163321
2144586
594227
506623
491130
612613
349068
602496
361136
2542031
1838204
1336735
2000364
1149664
110313
1107957
1572039
623394
2328024
984054
2269497
2413226
1673880
2493497
1665749
902999
25187
1737477
2507919
1292120
443733
2098960
221538
872965
2352035
1955933
406893
435775
776303
473807
170451
1895157
1540889
284272
479099
357146
504462
1874922
799985
1333923
1393179
1953225
1933306
1081282
2190846
984273
2279774
32531
864311
750253
713561
456722
343942
1940146
745936
170438
1065117
1308752
2404264
1852831
916261
1755017
687641
1819128
29222
1021860
2512027
1633733
1613207
2422762
2382259
2070203
1176489
1151654
2642318
2365350
659166
631685
2296024
163314
2570806
1980420
747409
1300432
646320
1138468
1824180
1306384
11541:
611611
408561
559696
11546:
2268082
626853
2310674
1316446
1495581
1778185
1838777
2509644
326709
1441820
2553741
522787
2554609
10455:
222815
1222439
1865641
2463441
1873191
2412135
15106:
2468835
1876747
2433103
209899
1471616
341077
2136124
2468087
769197
2281777
477602
4784:
780120
474149
1865560
2362584
9678:
803705
4029:
1593536
174924
878141
1301050
2255305
2331215
2583753
2132538
198014
368113
680305
3259:
